 2.552659260749709
 2.656228599760904
 2.854642167127386
 3.131086527731546
 3.461919573284101
 3.8185109053666
 4.169570745290764
 4.483806636284855
 4.732674746251877
 4.892937747953807
 4.948725584153345
 4.892832845670981
 4.727077793522696
 4.461679375825692
 4.113754462702005
 3.705167582859611
 3.260052611527998
 2.802353436766697
 2.35369622714055
 1.931821189391068
 1.549688302223381
 1.215254829169572
 0.9318250615176586
 0.6988096832948432
 0.5127085395585887
 0.3681424552272368
 0.2587967897618648
 0.1781887130434479
 0.1202197089174051
 0.07951576914152504
 0.0515855726333914
 0.03284102745771718
 0.02052708430491554
 0.0126023364824441
 0.007602411163291828
 0.004507676373614293
 0.002627437950374548
 0.00150562745504915
 0.0008482048168040037
 0.000469818966146363
 0.0002561549545289964
 0.0001382924905604312
 7.584786070924921e-05
 4.63448623902446e-05
 3.896731853978428e-05
 5.149348201736464e-05
 8.977360382248574e-05
 0.0001695908118884084
 0.0003211529837138222
 0.0005967965036121491
 0.001082710728846598
 0.001915547751385883
 0.003304563686615631
 0.00555932242292121
 0.009121868534195748
 0.01460059219433101
 0.02280083994421457
 0.03474493351842081
 0.05167213263189558
 0.07500791306475021
 0.1062925359229558
 0.1470619889927332
 0.198680386048429
 0.2621316134320462
 0.337788418491765
 0.4251874261243444
 0.522846334501211
 0.6281622459484866
 0.737425742148403
 0.845973149249489
 0.9484804178322467
 1.039378960801518
 1.113350891431609
 1.165843210900974
 1.193531874242609
 1.194669889547292
 1.169268783770848
 1.119087365379298
 1.047431068441232
 0.9587935652729803
 0.8583943755029926
 0.751678012373501
 0.6438402763352348
 0.5394366418992851
 0.4421093690295538
 0.3544482539712496
 0.2779791577617601
 0.2132581023003864
 0.1600388405291611
 0.1174788122028431
 0.08435133354551182
 0.05923889505461474
 0.04069140547692872
 0.02734216767003049
 0.01798188123576655
 0.01159627645477926
 0.007375947201730806
 0.004707871179256116
 0.003157530778691185
 0.002449072845428814


