 2.575044350370811
 2.678393995837765
 2.87630584006389
 3.151856314914522
 3.481271786294701
 3.835802303399613
 4.184084538674671
 4.49482659874214
 4.739575850808394
 4.895278092244736
 4.946323489990766
 4.885815139948118
 4.715890036937163
 4.447055287534691
 4.096648714995545
 3.686662150914683
 3.241250824535418
 2.784277127764273
 2.337199861603292
 1.917533088128283
 1.537984003482288
 1.206262375491295
 0.9254575851740614
 0.6948178498749383
 0.5107445449505317
 0.3678283055128157
 0.2597921482138215
 0.1802570886302597
 0.1232955143471803
 0.0837781198262446
 0.05754699575597261
 0.04145991165790862
 0.03335118146979271
 0.03194646921778643
 0.03675647542773718
 0.047961163723155
 0.06628474134763807
 0.09285384722219622
 0.1290284229095985
 0.1761969589165228
 0.2355349245939325
 0.3077360983199652
 0.3927392308450641
 0.4894842305483625
 0.5957396650771454
 0.7080438584364124
 0.8217932858428917
 0.9314941869365243
 1.031168434334527
 1.114876963195451
 1.17729915876149
 1.214290331180214
 1.223336250103794
 1.203835487428481
 1.157165510430143
 1.086522408226861
 0.9965600417723433
 0.892885034428925
 0.7814834240230581
 0.6681597342203169
 0.5580597827798957
 0.4553278876901881
 0.3629224688365966
 0.2825871974400476
 0.214952847371352
 0.1597310715416769
 0.1159564641390276
 0.08223645767510666
 0.0569774477602432
 0.03856709503246136
 0.02550429451215118
 0.01647783677387113
 0.01040127242039424
 0.006414779238431905
 0.003865412906478715
 0.00227582536156145
 0.001309242678920748
 0.0007359486596108308
 0.0004042282962523419
 0.0002169501888967748
 0.0001137745475160368
 5.830066191578437e-05
 2.918965534760693e-05
 1.427861308697515e-05
 6.823513358740111e-06
 3.185265557770044e-06
 1.452228889157662e-06
 6.465420337986153e-07
 2.810180025850307e-07
 1.192154833629634e-07
 4.934682440611438e-08
 1.992332385749994e-08
 7.842772357825003e-09
 3.008800782942932e-09
 1.124415922135539e-09
 4.091245644940286e-10
 1.448893398485796e-10
 5.002655502158339e-11
 1.72119547670933e-11
 7.134939202393167e-12


